N,Song1,Song2,Cluster_1,Cluster_2
0,uncantoagalicia,bisschenfrieden,40,40
1,heartbeat,getoveryou,5,5
